Name:  Apostolos Zarras 
AFM:  130456093 
Income:  22570.0 
Basic Tax:  1207.495 
Tax Increase:  96.59959784083067 
Total Tax:  1304.0945978408306 
TotalReceiptsGathered:  2 
Entertainment:  0.0 
Basic:  2110.0 
Travel:  0.0 
Health:  0.0 
Other:  0.0 
